#C data file created using the SS_writedat function
#C function is available at http://code.google.com/p/r4ss/source/browse/#svn/branches/input_file_objects
#C should work with SS version: SSv3.20
#C file write time: 2011-01-10 11:02:56
#
1971 #_styr
2001 #_endyr
1 #_nseas
12 #_months_per_seas
1 #_spawn_seas
1 #_Nfleet
2 #_Nsurveys
1 #_N_areas
FISHERY1%SURVEY1%SURVEY2 #_fleetnames
0.5 0.5 0.5 #_surveytiming
1 1 1 #_areas
1 #_units_of_catch
0.01 #_se_log_catch
2 #_Ngenders
40 #_Nages
0 #_init_equil_catch
31 #_N_catch
 #_FISHERY1 year seas
          0 1971    1
        200 1972    1
       1000 1973    1
       1000 1974    1
       2000 1975    1
       3000 1976    1
       4000 1977    1
       5000 1978    1
       6000 1979    1
       8000 1980    1
      10000 1981    1
      10000 1982    1
      10000 1983    1
      10000 1984    1
      10000 1985    1
      10000 1986    1
      10000 1987    1
       9000 1988    1
       8000 1989    1
       7000 1990    1
       6000 1991    1
       4000 1992    1
       4000 1993    1
       4000 1994    1
       4000 1995    1
       4000 1996    1
       3000 1997    1
       3000 1998    1
       3000 1999    1
       3000 2000    1
       3000 2001    1
21 #_N_cpue
 #_Fleet Units Errtype
       1     1       0
       2     1       0
       3     0       0
 #_year seas index         obs se_log
   1977    1     2 3.39689e+05    0.3
   1980    1     2 1.93353e+05    0.3
   1983    1     2 1.51984e+05    0.3
   1986    1     2 5.52218e+04    0.3
   1989    1     2 5.92323e+04    0.3
   1992    1     2 3.11375e+04    0.3
   1995    1     2 3.58454e+04    0.3
   1998    1     2 2.74926e+04    0.3
   2001    1     2 3.73383e+04    0.3
   1990    1     3 5.19333e+00    0.7
   1991    1     3 1.17840e+00    0.7
   1992    1     3 5.94383e+00    0.7
   1993    1     3 7.70106e-01    0.7
   1994    1     3 1.63180e+01    0.7
   1995    1     3 1.36339e+00    0.7
   1996    1     3 4.76482e+00    0.7
   1997    1     3 5.10707e+01    0.7
   1998    1     3 1.36095e+00    0.7
   1999    1     3 8.62531e-01    0.7
   2000    1     3 5.97125e+00    0.7
   2001    1     3 1.69379e+00    0.7
0 #_N_discard_fleets
0 #_N_discard
0 #_N_meanbodywt
30 #_DF_for_meanbodywt
2 #_lbin_method
2 #_binwidth
10 #_minimum_size
94 #_maximum_size
0 #_comp_tail_compression
1e-07 #_add_to_comp
1 #_max_combined_lbin
25 #_N_lbins
#_lbin_vector
26 28 30 32 34 36 38 40 42 44 46 48 50 52 54 56 58 60 62 64 68 72 76 80 90
40 #_N_lencomp
  #_Yr Seas FltSvy Gender Part Nsamp f26 f28 f30 f32 f34 f36 f38 f40 f42 f44 f46 f48 f50 f52 f54 f56 f58 f60 f62 f64 f68 f72 f76 f80 f90 m26 m28 m30 m32 m34 m36 m38 m40 m42 m44 m46 m48 m50 m52 m54 m56 m58 m60 m62 m64 m68 m72 m76 m80 m90
 -1971    1      1      3    0   125   0   0   0   0   0   0   0   0   0   4   1   1   2   4   1   5   6   2   3  11   8   4   5   0   0   0   0   0   0   0   0   0   0   1   0   1   3   0   3   4   2   4   5   9  17   8   3   8   0   0
 -1972    1      1      3    0   125   0   0   0   0   0   0   0   0   0   3   0   1   2   1   1   6   2   7   4  10  10   4   5   3   0   0   0   0   0   0   0   0   0   1   3   2   4   1   3   1   4   4   7   3   8  11   4  10   0   0
 -1973    1      1      3    0   125   0   0   0   0   0   0   0   0   0   0   0   0   7   3   4   5   6   3  10  12   6  10   9   0   0   0   0   0   0   0   0   0   0   0   0   0   3   0   1   3   0   7   2   6   7   8   5   5   3   0
 -1974    1      1      3    0   125   0   0   0   0   0   0   0   0   0   2   2   0   1   1   1   4   5   3   8   8  10   4   7   0   0   0   0   0   0   0   0   0   1   2   0   4   0   0   1   5   6   6   4   6  15  11   5   0   3   0
 -1975    1      1      3    0   125   0   0   0   0   0   0   0   2   1   2   1   1   3   0   2   5   6   2   3   5   9  10  10   0   0   0   0   0   0   0   0   0   0   0   4   2   2   1   2   3   5   1   4   5  13  11   6   4   0   0
 -1976    1      1      3    0   125   0   0   0   0   0   0   0   2   1   0   2   2   0   3   2   3   3   3   7  18  14   4   2   2   0   0   0   0   0   0   0   1   0   0   0   0   0   1   2   4   6   6   5   7  12   6   4   3   0   0
 -1977    1      1      3    0   125   0   0   0   0   0   0   0   1   0   2   0   2   2   4   0   2   6   7   5  11   7   8   5   4   0   0   0   0   0   0   2   1   3   0   1   3   3   2   0   1   4   5   3   7   7   9   5   3   0   0
 -1978    1      1      3    0   125   0   0   0   0   0   0   5   1   1   1   0   1   3   1   8   4   4   6   5   9   8   3   6   5   0   0   0   0   0   0   0   0   2   1   1   2   1   1   2   2   4   1   4   1  13   9   6   4   0   0
 -1979    1      1      3    0   125   0   0   0   0   0   0   0   0   0   0   3   5   2   1   5   0   5   5   2   7   4   7   5   5   0   0   0   0   0   0   0   0   0   2   2   1   3   2   7   2   4   4   5   8  10   8   6   4   1   0
 -1980    1      1      3    0   125   0   0   0   0   0   0   0   4   0   0   1   0   2   4   3   2   3   2   3  16  11  12   4   2   0   0   0   0   0   0   0   0   0   1   4   1   1   2   3   5   2   6   3   1  10  11   4   2   0   0
 -1981    1      1      3    0   125   0   0   0   0   0   0   1   0   0   0   3   1   2   2   4   5   2   7   3  13   9   8   4   0   0   0   0   0   0   0   2   1   1   1   2   2   3   3   1   6   1   2   1   7   5  10   6   7   0   0
 -1982    1      1      3    0   125   0   0   0   0   0   0   0   0   5   2   1   3   2   3   8   2   5   4   4   6  10  11   0   0   0   0   0   0   0   0   0   0   1   0   3   0   2   1   5   6   1   8   5   5  10   5   2   5   0   0
 -1983    1      1      3    0   125   0   0   0   0   0   0   0   0   0   0   7   1   1   5   4   2   2   6   2   8  13   8   6   0   0   0   0   0   0   0   0   0   0   0   4   1   0   3   3   0   4   9   5   4   7   8   6   6   0   0
 -1984    1      1      3    0   125   0   0   0   0   0   0   1   0   0   4   3   0   3   1   2   5   2   4   7  11   9   6   8   0   0   0   0   0   0   0   0   0   3   3   1   1   3   3   3   2   2   4   4   8  11   4   5   2   0   0
 -1985    1      1      3    0   125   0   0   0   0   0   0   0   0   1   1   2   2   5   0   3   3   5  11   4   8   9   3   2   4   0   0   0   0   0   0   0   0   1   0   1   2   0   3   8   3   4   3   8   4  13   7   4   1   0   0
 -1986    1      1      3    0   125   0   0   0   3   1   0   1   2   0   4   2   0   0   4   2   8   3   5  11   5   6   6   1   0   0   0   0   0   0   0   2   2   0   1   2   1   3   4   2   3   4   6   5   5   6   4   6   5   0   0
 -1987    1      1      3    0   125   0   0   0   0   1   1   1   1   1   0   2   1   6   4   2   7   6   3   5  11   9   5   4   0   0   0   0   0   0   0   0   0   2   1   0   5   2   4   3   4   4   4   2   4   7   6   5   2   0   0
 -1988    1      1      3    0   125   0   0   0   0   0   2   0   1   4   2   1   1   2   2   1   7   4   5   6   9   9   2   1   0   0   0   0   0   0   0   2   1   1   3   1   3   6   3   3   0   4   5   3   5   9   9   8   0   0   0
 -1989    1      1      3    0   125   0   0   0   0   0   1   0   2   1   3   3   2   1   4   4   3   4   2   3   9   5  11   2   0   0   0   0   0   0   0   0   3   6   2   1   3   0   4   3   3   2   5   7   7   9   3   3   4   0   0
 -1990    1      1      3    0   125   0   0   0   0   0   0   0   2   2   2   2   2   2   2   9   4   4   6   6   8   4   4   1   0   0   0   0   0   0   0   1   1   2   2   3   8   2   8   6   6   3   2   3   4   6   5   1   2   0   0
 -1991    1      1      3    0   125   0   0   0   0   0   0   0   3   0   3   3   5   5   4   3   3   0   1   6  10   4   4   0   0   0   0   0   0   0   1   1   1   1   3   4   6   5   3   5   6   6   6   6   4   7   3   3   0   0   0
 -1992    1      1      3    0   125   0   0   0   0   2   2   0   1   1   1   3   3   2   7   6   4   4   2   5   6   3   6   0   0   0   0   0   0   0   0   0   0   5   3   1   3   5   3   5   8   3   4   6   3  13   4   1   0   0   0
 -1993    1      1      3    0   125   0   0   0   0   0   0   1   2   2   2   2   2   4   5  10   5   7   3   2  12   7   6   0   0   0   0   0   0   0   0   0   0   3   1   1   3   2   6   4   8   4   6   4   2   4   3   1   1   0   0
 -1994    1      1      3    0   125   0   0   0   0   0   0   0   0   0   4   1   4   3   4   4   9   4   6   7   8   5   3   2   0   0   0   0   0   0   0   0   0   2   0   2   1   1   4   4  10   5   8   6   3   5   6   1   3   0   0
 -1995    1      1      3    0   125   0   0   0   1   0   0   1   1   1   1   2   2   5   8   4  11   5   5   4   8   7   0   0   0   0   0   0   0   0   1   0   0   1   1   3   3   1   2   6   3   4   4   8   3  12   4   3   0   0   0
 -1996    1      1      3    0   125   0   0   0   1   0   2   1   0   2   4   3   3   2   3   6   6   3   3   4  11   6   6   0   0   0   0   0   0   0   0   0   1   2   0   3   3   1   0   5   4   6   7   4   5  10   3   4   1   0   0
 -1997    1      1      3    0   125   0   0   0   2   0   0   2   2   0   0   3   1   6   4   6   2   9   4   5   9  12   0   0   0   0   0   0   0   0   0   3   1   0   5   3   2   4   1   1   6   4   1   6   6   5   6   4   0   0   0
 -1998    1      1      3    0   125   0   0   0   0   3   1   2   2   2   2   3   1   3   6   2   0   7   4   5  12   3   1   2   0   0   0   0   0   0   4   1   1   0   2   2   0   1   1   4   6   2   5   4   6  13   7   4   1   0   0
 -1999    1      1      3    0   125   0   0   0   0   1   0   1   1   3   0   1   2   2   8   3   4   7   3   5   6   5   7   0   0   0   0   0   0   0   0   0   7   3   4   2   3   2   5   2  11   3   5   1   5   7   4   2   0   0   0
 -2000    1      1      3    0   125   0   0   0   0   0   1   0   0   1   2   4   3   1   6   4   4   3   3   4   5  11   0   0   0   0   0   0   0   0   0   2   4   4   3   3   6   3   4   1   8   3   5   1   4  11   1   5   5   0   0
 -2001    1      1      3    0   125   0   0   0   0   2   1   0   1   1   0   2   7   6   9   4   2   5   6   4   7   6   4   0   0   0   0   0   0   0   0   2   0   1   0   2   3   2   5   3   8   3   3   5   2  10   6   3   0   0   0
 -1977    1      2      3    0   125   0   0   0   0   3   0   0   2   2   3   1   2   5   0   5   6   5   3   3   8   4  10   0   0   0   0   0   0   0   0   0   6   3   3   2   2   5   2   3   3   8   1   1   6   5   8   3   2   0   0
 -1980    1      2      3    0   125   0   0   0   0   1   1   1   3   2   2   1   3   6   1   2   5   1   3   3   8   3   3   4   1   0   0   0   0   0   1   1   2   3   4   4   4   4   4   1   1   1   5   3   5  14   7   5   2   0   0
 -1983    1      2      3    0   125   0   0   0   0   2   3   3   5   2   4   5   2   3   2   5   5   6   5   3   3   1   8   0   0   0   0   0   0   0   2   2   1   2   2   4   2   6   2   3   5   2   4   4   1   6  10   0   0   0   0
 -1986    1      2      3    0   125   0   0   0   0   2   1   1   4   6   2   3   1   1   1   5   5   5   3   3   7   7   3   2   0   0   0   0   0   1   2   1   3   2   1   5   0   2   5   6   7   3   5   2   3   7   4   4   0   0   0
 -1989    1      2      3    0   125   0   0   0   0   0   5   8   3   3   5   1   2   4   1   2   2   4   3   2   3   3   2   0   0   0   0   0   0   2   2   3   5   2   5   8   8   7   3   2   4   3   6   3   1   8   0   0   0   0   0
 -1992    1      2      3    0   125   0   0   0   0   0   5   6   6   5   3   2   5   6   6   5   5   1   3   1   3   4   0   0   0   0   0   0   0   0   0   2   4   3   6   5   3   6   6   2   5   4   3   1   3   1   2   3   0   0   0
 -1995    1      2      3    0   125   0   0   0   0   2   0   0   4   7   5   5   5   6   2   5   6   5   6   0   3   4   1   0   0   0   0   0   0   0   2   3   0   1   2   1   5   3   4   9   5   3   3   4   2   5   4   3   0   0   0
 -1998    1      2      3    0   125   0   0   0   3   1   1   2   3   4   6   4   6   5   3   1   2   1   1   1   5   2   2   0   0   0   0   0   0   0  10   5   4   2   3   7   2   1   4   4   5   3   2   3   1   8   6   2   0   0   0
 -2001    1      2      3    0   125   0   0   0   0   0   2   3   5   7   5   9   2   9   5   4   4   1   1   2   2   8   0   0   0   0   0   0   0   0   2   1   4   6   5   6   4   3   4   4   5   1   3   2   1   3   2   0   0   0   0
17 #_N_agebins
#_agebin_vector
1 2 3 4 5 6 7 8 9 10 11 12 13 14 15 20 25
2 #_N_ageerror_definitions
 #_age0  age1  age2  age3  age4  age5  age6  age7  age8  age9  age10  age11  age12  age13  age14  age15  age16  age17  age18  age19  age20  age21  age22  age23  age24  age25  age26  age27  age28  age29  age30  age31  age32  age33  age34  age35  age36  age37  age38  age39  age40
  0.500 1.500 2.500 3.500 4.500 5.500 6.500 7.500 8.500 9.500 10.500 11.500 12.500 13.500 14.500 15.500 16.500 17.500 18.500 19.500 20.500 21.500 22.500 23.500 24.500 25.500 26.500 27.500 28.500 29.500 30.500 31.500 32.500 33.500 34.500 35.500 36.500 37.500 38.500 39.500 40.500
  0.001 0.001 0.001 0.001 0.001 0.001 0.001 0.001 0.001 0.001  0.001  0.001  0.001  0.001  0.001  0.001  0.001  0.001  0.001  0.001  0.001  0.001  0.001  0.001  0.001  0.001  0.001  0.001  0.001  0.001  0.001  0.001  0.001  0.001  0.001  0.001  0.001  0.001  0.001  0.001  0.001
  0.500 1.500 2.500 3.500 4.500 5.500 6.500 7.500 8.500 9.500 10.500 11.500 12.500 13.500 14.500 15.500 16.500 17.500 18.500 19.500 20.500 21.500 22.500 23.500 24.500 25.500 26.500 27.500 28.500 29.500 30.500 31.500 32.500 33.500 34.500 35.500 36.500 37.500 38.500 39.500 40.500
  0.500 0.650 0.670 0.700 0.730 0.760 0.800 0.840 0.880 0.920  0.970  1.030  1.090  1.160  1.230  1.320  1.410  1.510  1.620  1.750  1.890  2.050  2.230  2.450  2.710  3.000  3.000  3.000  3.000  3.000  3.000  3.000  3.000  3.000  3.000  3.000  3.000  3.000  3.000  3.000  3.000
40 #_N_agecomp
1 #_Lbin_method
0 #_max_combined_age
  #_Yr Seas FltSvy Gender Part Ageerr Lbin_lo Lbin_hi Nsamp f1 f2 f3 f4 f5 f6 f7 f8 f9 f10 f11 f12 f13 f14 f15 f20 f25 m1 m2 m3 m4 m5 m6 m7 m8 m9 m10 m11 m12 m13 m14 m15 m20 m25
 -1971    1      1      3    0      2       1      -1    75  0  0  0  0  3  1  1  4  2   1   0   1   2   2  13   2   3  0  0  4  2  1  1  2  1  2   2   1   2   1   2   6   5   8
 -1972    1      1      3    0      2       1      -1    75  2  1  1  1  0  3  1  2  2   5   3   1   2   2   9   8   3  0  0  1  2  3  1  3  0  5   1   3   0   2   1   2   3   2
 -1973    1      1      3    0      2       1      -1    75  0  0  1  0  1  1  2  3  3   1   1   5   2   2   7   4   3  0  0  0  4  1  3  5  1  2   3   1   3   2   0   5   3   6
 -1974    1      1      3    0      2       1      -1    75  0  0  2  0  1  4  2  2  2   4   1   1   1   2   6   6   6  0  0  4  1  2  2  1  2  0   0   1   2   1   1   6   5   7
 -1975    1      1      3    0      2       1      -1    75  0  0  1  2  3  1  1  1  2   1   2   2   2   3  10   3   4  0  0  0  0 10  1  2  3  2   1   0   0   0   0   9   3   6
 -1976    1      1      3    0      2       1      -1    75  0  0  1  0  2  2  2  1  3   1   2   3   1   1   7   1   3  0  0  0  0  7  4  3  2  1   2   4   4   0   0   8  10   0
 -1977    1      1      3    0      2       1      -1    75  0  0  0  0  7  1  0  0  2   4   2   2   3   1   7   2   3  0  0  2  1  4  2  3  3  4   2   2   2   0   1   8   3   4
 -1978    1      1      3    0      2       1      -1    75  0  0  3  2  1  1  0  2  0   2   4   3   1   0   9   4   6  0  0  2  2  5  1  0  2  3   2   4   2   0   4   4   3   3
 -1979    1      1      3    0      2       1      -1    75  2  0  1  5  2  1  2  3  3   3   2   2   1   0   3   7   0  0  0  2  0  1  0  2  3  2   5   1   3   1   2   6   9   1
 -1980    1      1      3    0      2       1      -1    75  0  1  0  2  0  1  1  2  2   3   2   1   1   0   7   8   0  0  0  0  3  2  1  1  1  2   2   4   2   2   2  11   3   8
 -1981    1      1      3    0      2       1      -1    75  0  4  0  3  7  2  2  2  2   1   1   2   2   1   4   4   6  0  0  3  2  2  1  1  3  2   2   0   1   2   2   5   3   3
 -1982    1      1      3    0      2       1      -1    75  0  2  1  1  3  3  2  1  1   2   2   1   0   2   6   3   9  0  0  0  0  3  5  0  1  4   1   1   1   2   1   8   9   0
 -1983    1      1      3    0      2       1      -1    75  0  0  0  6  1  2  2  2  1   1   4   5   0   0   6   2   7  0  0  3  1  3  5  1  0  1   1   3   0   3   3   5   3   4
 -1984    1      1      3    0      2       1      -1    75  0  0  0  3  4  0  3  6  3   1   4   0   2   0   7   2   3  0  0  3  1  5  4  2  3  5   1   2   1   2   0   1   2   5
 -1985    1      1      3    0      2       1      -1    75  0  0  0  5  1  2  4  5  0   2   4   3   2   3   3   4   5  0  0  0  1  2  3  2  4  2   0   2   3   1   1   7   2   2
 -1986    1      1      3    0      2       1      -1    75  0  2  2  1  3  7  4  3  2   2   2   2   2   0   4   2   2  0  0  0  0  4  4  4  1  2   3   4   0   0   1   5   7   0
 -1987    1      1      3    0      2       1      -1    75  0  3  1  3  1  2  3  4  2   3   3   2   2   1   3   2   0  0  0  7  1  5  1  4  2  4   3   2   3   1   0   2   1   4
 -1988    1      1      3    0      2       1      -1    75  1  0  5  0  2  3  3  3  4   3   3   1   0   3   3   5   0  0  1  3  3  2  2  1  4  3   2   1   2   4   0   5   3   0
 -1989    1      1      3    0      2       1      -1    75  0  3  1  1  4  3  7  1  5   1   1   4   1   0   1   7   0  0  0  5  3  4  1  1  5  3   1   5   2   1   0   2   2   0
 -1990    1      1      3    0      2       1      -1    75  0  0  7  3  7  3  0  1  3   0   1   1   1   1   3   4   0  0  1  0  8  4  3  3  2  4   5   1   5   1   0   1   2   0
 -1991    1      1      3    0      2       1      -1    75  0  0  4  1  7  4  2  3  2   1   0   1   1   3   3   3   0  0  3  4  2  5  4  4  1  3   3   0   4   2   0   4   1   0
 -1992    1      1      3    0      2       1      -1    75  0  0  7  4  5 10  4  3  0   3   1   0   2   0   2   1   1  0  0  5  1  3  8  3  3  1   2   0   1   3   0   1   1   0
 -1993    1      1      3    0      2       1      -1    75  0  0  7  4  3  7  5  7  2   1   0   1   0   4   0   0   0  0  0  3  3  4  3  7  0  0   4   2   1   1   1   5   0   0
 -1994    1      1      3    0      2       1      -1    75  0  0  3  6  4  4  4  9  4   5   1   0   0   0   0   0   3  0  0  0  9  0  7  2  2  3   4   0   3   2   0   0   0   0
 -1995    1      1      3    0      2       1      -1    75  3  1  2  0  8  5  2  6  2   5   0   2   1   4   0   0   0  0  0  0  2  5  3  2  3  5   6   1   0   1   1   3   1   1
 -1996    1      1      3    0      2       1      -1    75  0  0  1  1  5  4  3  7  2   3   2   3   3   1   5   1   0  0  2  5  0  5  4  1  2  3   4   2   3   0   1   2   0   0
 -1997    1      1      3    0      2       1      -1    75  0  5  3  5  0  2  4  3  4   5   1   1   3   2   2   0   0  0  0  0  3  1  6  5  5  2   3   4   1   2   3   0   0   0
 -1998    1      1      3    0      2       1      -1    75  5  3  1  4  1  2  3  4  3   2   0   2   0   1   5   0   0  0  0  4  6  4  2  7  2  1   1   6   3   0   0   2   1   0
 -1999    1      1      3    0      2       1      -1    75  2  2  3  3  6  3  3  3  8   3   3   3   0   1   1   0   0  0  1  3  3  3  5  4  0  4   2   4   0   1   0   1   0   0
 -2000    1      1      3    0      2       1      -1    75  0  2  1  9  4  4  2  2  4   3   1   0   1   0   5   0   0  0  0  8 11  3  1  2  2  1   1   2   1   0   2   3   0   0
 -2001    1      1      3    0      2       1      -1    75  0  1  1  6  8  1  1  0  5   2   2   2   0   3   4   0   0  0  0  5  3  4  6  3  3  1   4   3   1   1   2   3   0   0
 -1977    1      2      3    0      2       1      -1    75  2  1  2  1  0  4  3  3  2   1   1   0   1   1   4   7   0  0  2  2  7  1  0  1  0  1   2   4   1   2   2   7  10   0
 -1980    1      2      3    0      2       1      -1    75  3  3  4  6  5  2  0  2  3   0   3   2   2   2   2   1   4  0  2  3  5  3  1  2  1  1   2   1   1   1   0   3   1   4
 -1983    1      2      3    0      2       1      -1    75  3  4  3  2  3  0  0  7  0   0   3   1   1   0   5   6   0  0  2  2  4  1  2  3  4  3   2   0   1   1   2   7   1   2
 -1986    1      2      3    0      2       1      -1    75  3  0  2  5  3  5  5  3  1   3   2   1   1   1   3   0   2  0  0  2  3  6  6  1  3  3   1   1   1   1   2   2   3   0
 -1989    1      2      3    0      2       1      -1    75  7  3  7  3  2  1  0  3  2   1   2   1   1   5   0   0   0  0  4  8  6  1  2  3  5  1   1   2   0   4   0   0   0   0
 -1992    1      2      3    0      2       1      -1    75  2  5  3  4  0  5  0  5  2   0   0   0   1   0   3   0   0  0  4  5  5 10  8  6  2  1   2   0   0   1   0   1   0   0
 -1995    1      2      3    0      2       1      -1    75  0  5  2  3  2  3  5  4  2   1   1   2   0   0   3   0   0  0  2  3  5 11  2  6  5  1   2   1   2   0   0   2   0   0
 -1998    1      2      3    0      2       1      -1    75  9  4  4  3  1  1  1  1  3   3   1   2   1   7   0   0   0  0  6  5  3  5  1  3  3  2   3   2   0   1   0   0   0   0
 -2001    1      2      3    0      2       1      -1    75  4  0  4 11  5  3  4  2  2   0   0   0   0   0   2   0   0  0  2  4  7 11  5  2  0  2   2   2   0   0   0   1   0   0
4 #_N_MeanSize_at_Age_obs
 #_Yr Seas Fleet Gender Part AgeErr Ignore      f1      f2      f3      f4      f5      f6      f7      f8      f9     f10     f11     f12     f13     f14     f15     f20     f25      m1      m2      m3      m4      m5      m6      m7      m8      m9     m10     m11     m12     m13     m14     m15     m20     m25 N_f1 N_f2 N_f3 N_f4 N_f5 N_f6 N_f7 N_f8 N_f9 N_f10 N_f11 N_f12 N_f13 N_f14 N_f15 N_f20 N_f25 N_m1 N_m2 N_m3 N_m4 N_m5 N_m6 N_m7 N_m8 N_m9 N_m10 N_m11 N_m12 N_m13 N_m14 N_m15 N_m20 N_m25
 1971    1     1      3    0      1    999 29.8931 40.6872 44.7411 50.0270 52.5794 56.1489 57.1033 61.1728 61.7417 63.3680 64.4088 65.6889 67.6160 68.5972 69.9177 71.0443 72.3609 32.8188 39.5964 43.9880 50.1693 53.1729 54.9822 55.3463 60.3509 60.7439 62.3432 64.3224 65.1032 64.1965 66.7452 67.5154 70.8749 71.2768   20   20   20   20   20   20   20   20   20    20    20    20    20    20    20    20    20   20   20   20   20   20   20   20   20   20    20    20    20    20    20    20    20    20
 1995    1     1      3    0      1    999 32.8974 38.2709 43.8878 49.2745 53.5343 55.1978 57.4389 62.0368 62.1445 62.9579 65.0857 65.6433 66.0820 65.6117 67.0784 69.3493 72.2966 32.6552 40.5546 44.6292 50.4063 52.0796 56.1529 56.9004 60.2180 61.5894 63.6613 64.0222 63.4926 65.8115 69.5357 68.2448 66.8810 71.5122   20   20   20   20   20   20   20   20   20    20    20    20    20    20    20    20    20   20   20   20   20   20   20   20   20   20    20    20    20    20    20    20    20    20
 1971    1     2      3    0      1    999 34.1574 38.8017 43.1220 47.2042 49.0502 51.6446 56.3201 56.3038 60.5509 60.2537 59.8042 62.9309 66.8420 67.8089 71.1612 70.7693 74.5593 35.3811 40.7375 44.5192 47.6261 52.5298 53.5552 54.9851 58.9231 58.9932 61.8625 64.0366 62.7507 63.9754 64.5102 66.9779 67.7361 69.1298   20   20   20   20   20   20   20   20   20    20    20    20    20    20    20    20    20   20   20   20   20   20   20   20   20   20    20    20    20    20    20    20    20    20
 1995    1     2      3    0      1    999 34.6022 38.3176 42.9052 48.2752 50.6189 53.4760 56.7806 59.4127 60.5964 60.5537 65.3608 64.7263 67.4315 67.1405 68.9908 71.9886 74.1594 35.1690 40.2404 43.8878 47.3519 49.9906 52.2207 54.9035 58.6058 60.0957 62.4046 62.2298 62.1437 66.2116 65.7657 69.9544 70.6518 71.4371   20   20   20   20   20   20   20   20   20    20    20    20    20    20    20    20    20   20   20   20   20   20   20   20   20   20    20    20    20    20    20    20    20    20
0 #_N_environ_variables
0 #_N_environ_obs
0 #_N_sizefreq_methods
0 #_do_tags
0 #_morphcomp_data
#
999
